[gd_scene load_steps=7 format=2]

[ext_resource path="res://gameobjects/Player.tscn" type="PackedScene" id=1]
[ext_resource path="res://gameobjects/House.tscn" type="PackedScene" id=2]
[ext_resource path="res://levels/HedgeMaze.tscn" type="PackedScene" id=3]
[ext_resource path="res://gameobjects/floating_island_1.tscn" type="PackedScene" id=4]
[ext_resource path="res://gameobjects/Path.tscn" type="PackedScene" id=5]

[sub_resource type="Environment" id=1]
background_mode = 1
background_color = Color( 0.192157, 0.192157, 0.192157, 1 )
background_energy = 0.0
ambient_light_color = Color( 0.117647, 0.117647, 0.117647, 1 )
ambient_light_energy = 0.57
ambient_light_sky_contribution = 0.18
fog_color = Color( 0.372549, 0.407843, 0.447059, 1 )
fog_sun_color = Color( 0.380392, 0.380392, 0.380392, 1 )
fog_depth_begin = 0.0
fog_depth_end = 30.5
fog_depth_curve = 1.07177
ssao_enabled = true
ssao_radius = 2.0
ssao_intensity = 2.0
ssao_light_affect = 0.3
ssao_quality = 2
ssao_edge_sharpness = 10.0

[node name="MainScene" type="Spatial"]

[node name="Player" parent="." instance=ExtResource( 1 )]

[node name="House" parent="." instance=ExtResource( 2 )]
transform = Transform( 1, 0, 0, 0, 1, 0, 0, 0, 1, -0.146572, 0.191448, -0.202789 )

[node name="WorldEnvironment" type="WorldEnvironment" parent="."]
environment = SubResource( 1 )

[node name="floating_island_1" parent="." instance=ExtResource( 4 )]
transform = Transform( 1, 0, 0, 0, 1, 0, 0, 0, 1, -0.00923157, -0.010001, -0.0180683 )

[node name="floating_island_2" parent="." instance=ExtResource( 4 )]
transform = Transform( 0.551369, 0, 0.834261, 0, 1, 0, -0.834261, 0, 0.551369, 49.1449, -0.0100038, 82.2624 )

[node name="HedgeMaze" parent="floating_island_2" instance=ExtResource( 3 )]
transform = Transform( 0.824571, 0, -0.565759, 0, 1, 0, 0.565759, 0, 0.824571, 1.91182, 0.01, -0.618469 )

[node name="Spatial" parent="." instance=ExtResource( 5 )]
transform = Transform( 0.873458, 0, 0.4869, 0, 1, 0, -0.4869, 0, 0.873458, 20.1282, -0.0100038, 25.2148 )
